_Kp = 2.0
_Kd = 1.0
_Ki = 0.0
_tau_d = 0.001
_T = 4
_period = 2.0
_adapt = True
_n_neurons = 150
_learning_rate = 0.0001
_max_freq = 1.0
_synapse = 0.01
_radius = 1.0
_D = 1
_scale_add = 1
_noise = 0.001
_filter = 0.01
_delay = 0.001
_backend = 'nengo'
_dt = 0.001
_seed = 1
_hide_overlay = False
_gui = False
delay = 0.14000000000000001
rmse = 0.40051602082368143